Python,             Mojo,                Julia
64, 6.07013702e-04, 0.158989029,         0.0002541542053222656
128, 7.48395920e-04,0.150898014,         0.00024008750915527344
256, 0.00107217,    0.15582347300000002, 0.0002739429473876953
512, 0.00175524,    0.15112605200000001, 0.00030803680419921875
1024, 0.00308442,   0.15332173800000001, 0.0003390312194824219
2048, 0.00572038,   0.15429226800000001, 0.0004649162292480469

Python,             Mojo,                Julia
64, 7.42205858e-01, 0.094645171,         0.22140097618103027
128, 7.88420439e-01,0.13147647700000001, 0.6465649604797363
256, 0.85135889,    0.20637010400000003, 0.8413941860198975
512, 1.03023028,    0.35768954400000003, 1.5074079036712646
1024, 1.11052752,   0.67403816300000008, 2.1577131748199463
2048, 1.53739357,   1.2890117750000001,  10.716763973236084